38.9068571429  25.3965714286  34.015435037  19.7657370689  12.3765141115  10.6592634275  
38.912  21.56  33.9953304419  19.6649320615  10.6397424244  9.24115762693  
36.8497142857  21.3645714286  33.9814618851  19.5698664216  11.9551861994  14.0253795147  
36.03  20.805  33.9738328852  19.4805671618  13.3765204743  14.5809147518  
37.4051428571  21.3491428571  33.9724453774  19.3970596566  14.5473275644  14.2890322318  
36.0817647059  22.3647058824  33.9772997139  19.3193676345  12.5963480867  12.0621518506  
37.0029411765  21.1205882353  33.9883946631  19.2475131717  11.0086705212  13.4646731555  
35.025  18.23  34.0057274102  19.1815166854  13.0589155369  13.1522887742  
34.005  18.5  34.029293558  19.1213969285  12.922386583  11.8794696851  
35.465  18.435  34.0590871281  19.067170984  12.4111834649  12.4087741135  
34.99  18.35  34.0951005618  19.0188542601  12.138496612  12.626792942  
37.01  18.995  34.1373247229  18.976460486  13.1504410572  13.0572307554  
40.485  24.435  34.1857488993  18.9400017079  12.0850599916  14.0005526677  
39.416  22.568  34.240360806  18.9094882854  14.2086225732  11.5931498986  
35.9085714286  18.2531428571  34.3011465885  18.8849288889  12.497206349  13.1762027418  
33.26  16.4171428571  34.3680908256  18.8663304969  12.9404853077  13.3806232124  
34.0345454545  16.2363636364  34.4411765341  18.8536983942  12.8087756591  13.5993818527  
35.5523529412  18.2564705882  34.5203851725  18.8470361702  14.8238631265  15.0089122313  
33.1108571429  17.6051428571  34.605696646  18.8463457178  14.1127665348  14.149582401  
32.6068571429  15.6868571429  34.6970893118  18.8516272334  11.843951988  14.2644965404  
30.5651428571  15.9748571429  34.7945399839  18.8628792162  11.6273778819  12.9646053042  
30.0637837838  12.7448648649  34.8980239398  18.8800984688  11.3470947231  13.6092436038  
34.1210810811  14.4524324324  35.0075149262  18.9032800986  12.2992462489  13.7241364432  
37.14  18.615  35.1229851659  18.9324175184  14.388585754  13.0451475653  
35.095  17.675  35.2444053647  18.9675024489  12.0778837136  11.4822330145  
32.0423529412  15.8264705882  35.3717447192  19.0085249208  11.319145431  10.1183220192  
32.6762162162  16.5394594595  35.5049709241  19.0554732775  10.7421481951  9.3094168964  
34.1794594595  16.5394594595  35.6440501806  19.1083341788  11.2158676077  11.2877781181  
34.365  18.295  35.7889472053  19.1670926042  12.5514889555  11.7005502007  
35.1962162162  18.8551351351  35.9396252386  19.2317318576  13.0095946613  13.1582463347  
36.305  17.25  36.0960460544  19.3022335718  14.7867060226  11.7812520557  
35.7748571429  18.6697142857  36.2581699697  19.3785777139  12.9803758192  12.5934553265  
37.2637837838  19.7210810811  36.4259558547  19.4607425906  13.1848339065  12.1090307564  
38.13  19.325  36.599361143  19.5487048551  10.6890083731  11.1275637495  
35.3518918919  19.867027027  36.7783418427  19.6424395128  10.5028320088  10.1766135887  
34.5405714286  16.3708571429  36.9628525477  19.7419199292  12.1541437832  11.9917203273  
33.345  17.57  37.1528464485  19.847117837  13.4180503427  11.8377658365  
34.5305882353  17.1341176471  37.348275345  19.9580033443  12.8323820496  12.8441971603  
34.7  18.0870588235  37.5490896579  20.0745449432  10.5818857432  12.1149910853  
33.4188235294  16.5570588235  37.7552384418  20.1967095184  10.8133827119  11.5151829516  
37.12  18.99  37.9666693982  20.324462357  13.4440470097  10.2318571139  
38.135  19.36  38.1833288881  20.4577671582  12.9463382854  11.2560472636  
35.3882352941  18.2088235294  38.4051619464  20.5965860435  11.7672027939  10.4462976173  
35.88  17.08  38.6321122955  20.7408795677  12.1696836442  10.240048828  
34.2913513514  19.2783783784  38.8641223593  20.89060673  10.3956732585  10.4615386997  
38.475  20.23  39.1011332782  21.0457249855  8.90403700576  9.35810344033  
38.2022857143  21.5702857143  39.3430849241  21.2061902575  13.1308272149  12.0185127403  
38.815  20.0  39.5899159153  21.37195695  12.8806705959  11.85140498  
38.9518918919  21.7789189189  39.8415636323  21.5429779606  11.590654632  11.7752483841  
41.4422857143  23.2057142857  40.0979642334  21.7192046937  13.3507065807  11.0178437833  
42.98  23.4371428571  40.3590526715  21.9005870748  11.4886985462  11.2655339285  
43.8748571429  24.188  40.6247627099  22.0870735643  12.4835629922  11.7148415757  
44.57  25.64  40.8950269397  22.2786111721  10.0376341834  8.71612299133  
44.105  27.215  41.1697767964  22.4751454731  11.1833123447  8.48479080473  
43.1940540541  25.7924324324  41.4489425776  22.6766206223  12.7435188529  10.0834414453  
41.12  23.39  41.7324534607  22.8829793706  11.8099449618  10.5990895835  
40.6010810811  22.0027027027  42.0202375207  23.0941630816  13.7392190234  11.7475859852  
39.9151351351  23.6664864865  42.3122217484  23.3101117474  12.3926127999  11.5081254998  
42.3037837838  23.4621621622  42.6083320692  23.5307640066  13.3529224155  10.0150306324  
41.54  22.3057142857  42.9084933618  23.756057161  11.8008793861  8.1008734223  
42.9491428571  25.2011428571  43.2126294769  23.9859271938  13.1396467383  10.380607131  
43.808  25.3451428571  43.5206632572  24.2203087877  13.8581097041  11.6793300619  
43.2988571429  23.0411428571  43.8325165563  24.4591353434  14.4572346242  10.7636031597  
42.3422857143  25.4377142857  44.1481102588  24.7023389985  15.235781772  11.6801113218  
45.9525714286  24.7845714286  44.4673643006  24.949850647  11.2282552627  8.40994117284  
45.1297142857  26.3737142857  44.7901976888  25.2015999587  13.6642201148  10.9604095559  
48.5034285714  26.8057142857  45.1165285226  25.4575153992  12.6662985783  10.3262501244  
48.0517647059  27.7223529412  45.4462740137  25.7175242506  14.2263294573  11.5767767176  
47.9171428571  25.5251428571  45.7793505078  25.9815526315  15.4590727076  12.0772573451  
46.075  25.31  46.1156735053  26.2495255185  15.6904772075  11.1240145631  
46.17  25.305  46.4551576831  26.5213667674  11.9029030072  10.0116269907  
46.9935135135  26.8578378378  46.7977169161  26.7969991348  12.7837929947  11.0318789008  
48.425  27.915  47.1432642991  27.0763443001  14.2292612247  11.4721521521  
49.235  28.705  47.4917121688  27.3593228875  14.5216966984  10.5034125407  
49.25  29.35  47.8429721261  27.6458544891  13.5162901715  10.5590293114  
47.785  28.285  48.1969550584  27.9358576871  12.5384797723  8.74994142838  
48.1074285714  27.4845714286  48.5535711624  28.2292500774  12.2092078467  9.73801867289  
49.565  29.44  48.9127299668  28.525948293  12.2319366823  9.73166994919  
49.4891891892  30.3021621622  49.2743403551  28.8258680272  10.2500959464  8.70276598936  
51.805  31.16  49.6383105888  29.1289240583  11.5836123468  8.52411872278  
50.5  29.815  50.0045483311  29.4350302731  13.3253442732  9.58256098337  
48.3264864865  29.7621621622  50.3729606696  29.7440996919  13.0469961783  10.4800616707  
49.4989189189  28.9108108108  50.7434541402  30.0560444928  11.6515229915  9.24918415055  
51.0362162162  28.5848648649  51.115934751  30.3707760373  12.9047067364  9.69451492218  
52.772972973  30.2972972973  51.4903080059  30.6882048944  13.0030675933  10.4880845258  
55.7891891892  32.4183783784  51.8664789287  31.0082408673  14.4277949428  10.554871173  
55.56  34.91  52.2443520871  31.330793018  13.1539499771  12.0892555602  
56.355  36.9  52.6238316169  31.6557696935  11.7846033026  10.0224348339  
57.465  36.505  53.0048212464  31.9830785523  11.9306862753  10.7509290296  
57.2243243243  35.6145945946  53.3872243209  32.3126265896  13.7478860371  9.81979209187  
56.0631578947  34.7378947368  53.7709438271  32.6443201649  13.4123113329  9.41994389242  
57.055  35.665  54.1558824175  32.9780650277  11.3460951433  7.79736333641  
55.7742105263  36.7605263158  54.5419424357  33.3137663448  12.5960327154  10.2818905561  
55.4236842105  35.5905263158  54.9290259404  33.6513287269  14.125559406  9.53257433263  
57.0673684211  35.0031578947  55.3170347309  33.9906562561  12.7605497498  9.34578827327  
55.4461538462  34.2153846154  55.7058703718  34.3316525129  12.6669901339  9.94200770266  
56.0536842105  35.1026315789  56.0954342177  34.6742206033  12.7176968332  10.7613598936  
58.2563157895  35.5478947368  56.4856274387  35.0182631872  13.3317198758  11.2119011388  
58.8247368421  37.6889473684  56.8763510451  35.363682505  12.5471401096  11.2994417164  
57.3615384615  34.88  57.2675059127  35.7103804064  12.6501941889  10.2507245523  
57.4030769231  35.2353846154  57.6589928078  36.0582583774  12.5434453521  8.73823835035  
59.2769230769  35.6461538462  58.0507124126  36.4072175688  12.122068486  9.23361879094  
61.3630769231  37.4138461538  58.4425653501  36.7571588243  10.676538898  8.50611502975  
59.1278947368  38.0536842105  58.8344522096  37.1079827085  10.0544994269  9.60523662577  
62.0978947368  37.9968421053  59.2262735718  37.4595895349  9.8793221475  7.57387132646  
62.3442105263  39.7778947368  59.617930034  37.8118793951  11.285480339  9.09069482548  
62.681  39.677  60.0093222352  38.164752186  11.7887598584  9.93981041067  
60.9468421053  39.3657894737  60.4003508817  38.5181076393  13.1506928185  8.21106815014  
64.1821052632  41.3268421053  60.7909167718  38.8718453495  12.6037995854  9.90274313545  
66.6232432432  42.4545945946  61.1809208213  39.2258648022  10.8363617246  9.49628849109  
65.4061538462  42.6892307692  61.5702640885  39.5800654032  10.9860677773  8.17951894536  
65.5967567568  42.6491891892  61.9588477994  39.9343465068  11.1092914738  9.13572919866  
63.0689473684  41.1468421053  62.3465733726  40.2886074444  11.2739081137  9.87592956458  
63.545  41.7875  62.7333424445  40.6427475531  9.88900980887  9.65643276526  
64.7138461538  39.8461538462  63.1190568941  40.9966662043  11.2340262927  8.54852712321  
65.5030769231  42.5369230769  63.5036188679  41.3502628324  9.96462927993  9.70416198151  
66.5646153846  42.4076923077  63.886930805  41.7034369633  9.91350020883  9.74542587288  
66.5789473684  40.7442105263  64.2688954613  42.0560882429  10.858168836  9.88117525281  
64.3431578947  40.3747368421  64.6494159347  42.4081164657  10.8701227672  8.56384896768  
64.1081081081  41.2967567568  65.0283956896  42.7594216032  9.16853191639  7.4441175957  
68.0230769231  43.5615384615  65.4057385809  43.1099038326  8.78117162729  6.51840689144  
65.9956756757  44.6  65.7813488791  43.4594635645  10.0128988541  7.04148479428  
65.6745945946  43.1794594595  66.1551312941  43.8080014719  9.66193271321  7.6791518204  
65.372972973  43.5783783784  66.5269909995  44.1554185182  9.20105307277  7.89852723648  
66.0045714286  44.3171428571  66.8968336569  44.5016159852  8.72013248355  7.74308339153  
67.7  44.72  67.2645654392  44.8464955011  8.43080067372  7.6968565012  
69.1828571429  44.2811428571  67.6300930553  45.1899590689  9.29820891245  9.19587726614  
68.8526315789  45.5047368421  67.9933237729  45.5319090937  9.09993108251  7.66500239875  
69.4448648649  45.7772972973  68.3541654425  45.8722484107  9.0831443602  9.50810426686  
69.9657894737  46.0305263158  68.7125265209  46.210880313  10.1715619128  10.9810830037  
69.98  48.67  69.068316094  46.5477085785  10.5202946727  9.69499355338  
71.9388235294  47.0882352941  69.4214439001  46.8826374979  9.33408042816  9.45405498764  
68.6428571429  44.9188571429  69.7718203527  47.2155719014  10.177998841  9.27765726938  
70.08  45.415  70.1193565636  47.5464171861  10.9123691287  9.82704813258  
72.97  47.04  70.4639643648  47.8750793427  8.93610093945  8.29351553926  
69.64  47.46  70.8055563315  48.2014649821  10.0903320064  8.70721539874  
68.325  45.895  71.1440458038  48.5254813622  9.47038937953  9.49629796289  
68.4782857143  45.7417142857  71.4793469089  48.847036414  10.039044202  8.68157243352  
69.9182857143  47.7782857143  71.811374583  49.166038768  10.6245703068  9.16955131656  
70.1394285714  48.7194285714  72.1400445927  49.48239778  10.3543277199  9.20550454669  
71.785  48.235  72.4652735564  49.796023557  9.48222943194  8.71837570881  
72.1542105263  49.1047368421  72.7869789654  50.1068269824  9.73721121633  8.99085199898  
73.4189473684  50.7673684211  73.105079205  50.4147197418  7.91136018296  8.08721983464  
73.0594594595  50.3308108108  73.419493575  50.7196143478  8.39383620249  8.62148490953  
74.0821052632  51.2126315789  73.7301423106  51.0214241649  8.01451287481  8.04631516979  
73.5459459459  51.3767567568  74.0369466019  51.3200634342  7.82566099771  6.90031650432  
74.1394594595  51.367027027  74.3398286145  51.6154472975  8.91384769832  8.40318628915  
73.9921052632  51.7715789474  74.6387115092  51.907491822  8.41755501378  8.62563209776  
75.2048648649  53.5221621622  74.933519461  52.1961140233  8.56707260911  7.63348920791  
75.0345945946  54.14  75.224177679  52.4812318899  9.69992326372  9.1599940989  
76.705  54.425  75.510612425  52.7627644057  8.45735626541  8.73792166365  
76.395  53.5  75.7927510322  53.0406315736  8.77151497747  9.76161871822  
76.6862857143  53.9497142857  76.0705219237  53.314754438  6.87608654716  8.51425744962  
75.8068571429  53.1782857143  76.3438546308  53.585055107  6.82388735941  8.33748351404  
72.265  50.33  76.6126798104  53.851456775  7.55640622254  6.71028315349  
72.84  50.245  76.8769292634  54.1138837443  6.80858281877  5.63267920265  
72.6410810811  50.7151351351  77.1365359513  54.3722614465  6.86404332177  6.84889007446  
73.555  52.825  77.3914340133  54.6265164639  7.52625238748  6.59874798731  
75.8247058824  55.8235294118  77.6415587834  54.8765765501  7.97410818738  8.44126763632  
79.075625  55.169375  77.8868468064  55.1223706508  7.11483790113  8.29053825812  
79.2761290323  55.4  78.1272358542  55.3638289239  6.07174401125  8.43197141453  
78.4241176471  55.5376470588  78.3626649416  55.6008827592  6.73927868267  8.42558116649  
78.89  57.3852941176  78.5930743417  55.8334647982  5.84771901232  7.79489925049  
79.0314285714  57.3491428571  78.8184056008  56.0615089529  6.78845454445  6.38044753085  
77.8236363636  57.2872727273  79.038601554  56.2849504248  6.60025243695  7.13728888038  
79.2011428571  56.3822857143  79.2536063387  56.5037257232  6.34299243099  6.90389831315  
79.1548571429  56.7885714286  79.4633654096  56.7177726833  7.15142717881  7.07295256305  
80.1474285714  56.732  79.667825552  56.9270304839  5.66754990796  5.73555168601  
78.66  56.81  79.8669348957  57.1314396647  7.48596019225  7.75678412746  
79.8897297297  57.6718918919  80.0606429277  57.3309421429  6.47634301484  7.52137057588  
79.952972973  57.2486486486  80.2489005056  57.5254812302  5.28418387923  7.14379192297  
79.0578378378  57.7594594595  80.4316598695  57.7150016484  6.35453408466  6.21129135111  
79.6805405405  58.3189189189  80.6088746545  57.8994495456  6.62682099234  7.28873984726  
80.46  57.895  80.7804999022  58.078772511  6.30287236107  7.66406386978  
80.4405714286  58.604  80.9464920724  58.2529195901  5.81291662365  6.61149440639  
80.7694117647  57.5652941176  81.1068090538  58.4218412994  5.69660835171  6.57568839398  
81.5632432432  58.7275675676  81.2614101749  58.5854896398  5.50204387284  6.27871453766  
81.805  58.97  81.4102562145  58.7438181109  6.05581332275  6.69672307924  
81.2908108108  59.2675675676  81.5533094112  58.8967817237  5.65978052214  7.73627936463  
81.032972973  59.9145945946  81.6905334731  59.0443370139  4.14400828606  5.49585917568  
80.505  58.615  81.8218935875  59.1864420537  5.86812363537  6.65407206153  
80.4994117647  57.9676470588  81.947356429  59.3230564641  5.24734663547  6.59924240698  
78.8709090909  57.5381818182  82.0668901685  59.4541414263  5.70483918114  7.00449442492  
79.4872727273  58.2745454545  82.180464481  59.5796596926  6.19184374202  7.41636073904  
81.6036363636  59.9109090909  82.2880505533  59.6995755971  4.61281076357  6.26725611201  
80.3109090909  60.9309090909  82.3896210915  59.8138550659  7.19289732311  7.19362527715  
81.5635294118  59.5347058824  82.4851503279  59.9224656266  7.02758174554  8.77618610562  
82.8605882353  60.3976470588  82.5746140271  60.0253764176  6.28685554114  7.68266768115  
82.94  61.5623529412  82.6579894928  60.1225581968  5.64046931714  6.21518588943  
82.6314285714  61.7102857143  82.7352555732  60.2139833502  6.58747605812  7.00910488914  
82.33  61.135  82.8063926662  60.2996258994  5.43095755829  6.79791696036  
81.8548571429  59.8588571429  82.8713827249  60.3794615092  4.95413326508  5.93463431124  
81.36  59.965  82.9302092617  60.4534674944  6.01380079484  6.29544875287  
81.4331428571  60.2548571429  82.9828573526  60.5216228262  4.88537863509  7.12029267915  
81.910625  60.400625  83.029313641  60.5839081384  5.86404294061  5.9110774914  
82.5090909091  60.6963636364  83.0695663415  60.6403057326  4.60469612964  5.99487549757  
84.3036363636  61.6781818182  83.103605242  60.6907995836  5.87878044361  5.54899142053  
83.4285714286  62.6668571429  83.1314217071  60.7353753435  5.89950949189  5.68055518988  
84.8325714286  63.3354285714  83.1530086799  60.7740203463  5.7300891755  5.63840116287  
83.8664705882  62.7588235294  83.168360684  60.8067236109  6.01019471269  5.52624740494  
83.8563636364  62.8781818182  83.1774738246  60.8334758448  5.66241720426  6.49514758483  
83.0677419355  62.1238709677  83.1803457898  60.8542694464  6.19100633316  6.95223597238  
82.9625  62.52125  83.176975851  60.8690985071  5.42595325726  6.08731044366  
82.4675  62.96  83.1673648632  60.8779588134  6.31264356272  6.01655216881  
81.9165714286  62.0137142857  83.1515152645  60.8808478475  7.19070747279  5.5708419911  
81.4537142857  61.3502857143  83.1294310759  60.8777647886  5.48341451794  6.12921131525  
82.3788235294  60.7258823529  83.1011179  60.8687105126  5.10271655719  6.5321603118  
82.6509090909  59.3818181818  83.0665829198  60.8536875924  3.941595096  6.83565760377  
81.2075  61.300625  83.0258348965  60.8327002968  5.09827360486  6.0646135169  
82.04  60.78875  82.9788841678  60.8057545891  4.11522478122  4.61879296326  
80.504375  60.378125  82.9257426445  60.7728581261  4.82465992163  4.9043000504  
82.1654545455  60.4727272727  82.8664238086  60.7340202552  5.26569060244  3.92124537478  
82.8  61.8  82.8009427088  60.6892520121  6.37697420412  3.9996749868  
83.7552941176  61.2923529412  82.7293159572  60.6385661178  5.35538664243  6.10258385914  
84.1417647059  61.0170588235  82.6515617252  60.5819769745  5.70142060243  5.87657790045  
83.1045714286  61.4788571429  82.5676997385  60.519500662  5.22795143865  5.92229867121  
83.5064705882  62.3458823529  82.4777512724  60.4511549329  5.43151960231  5.51750695921  
81.2617647059  60.8741176471  82.3817391463  60.3769592075  6.00473610655  6.51945600295  
80.6874285714  59.972  82.2796877179  60.2969345685  5.17563099968  6.29569322179  
80.5331428571  60.0748571429  82.171622877  60.2111037549  5.69829035585  6.65499227065  
81.3611428571  59.8845714286  82.0575720391  60.1194911553  5.55748955217  6.38666662122  
81.9129411765  60.5088235294  81.937564138  60.0221228014  5.39426685277  6.03343856925  
81.9341176471  60.8370588235  81.8116296192  59.9190263602  4.21846509419  4.89531860972  
81.2829411765  60.0164705882  81.6798004314  59.8102311266  5.08644596216  4.69907743283  
81.536  59.4731428571  81.542110019  59.6957680146  5.34032165965  7.05860843082  
81.92  60.53  81.3985933131  59.5756695488  6.49803047084  6.26080665729  
80.6874285714  59.576  81.249286723  59.449969855  6.45098811605  6.20379938885  
80.1235294118  59.4711764706  81.094228127  59.3187046507  6.96095745711  7.52475161392  
81.428  59.8845714286  80.9334568625  59.1819112348  5.80358155428  6.46732638195  
81.0935483871  59.4819354839  80.7670137162  59.0396284768  5.72358873908  5.85062743774  
80.4254545455  58.5090909091  80.5949409137  58.8918968065  5.56431546658  6.05293836165  
81.1823529412  58.7882352941  80.4172821089  58.7387582015  4.61232814685  6.05243386658  
79.4458823529  58.3858823529  80.2340823726  58.580256176  5.91703329761  5.14518513795  
79.4218181818  57.4509090909  80.0453881817  58.4164357683  6.46621122477  6.64028128449  
79.5676470588  57.3588235294  79.8512474066  58.2473435277  6.06263389607  6.03403082754  
80.3272727273  58.1218181818  79.6517092997  58.0730275016  6.14083957972  6.16471752384  
80.5018181818  58.4327272727  79.4468244827  57.8935372218  5.9002955522  6.24484236777  
81.572  58.8868571429  79.2366449336  57.7089236902  5.26321618133  5.16250646291  
82.0091428571  60.3988571429  79.0212239736  57.5192393645  4.57264498102  4.15463924611  
82.0558823529  60.8847058824  78.8006162537  57.3245381434  4.9805380749  5.65417713121  
81.9711764706  60.4029411765  78.5748777409  57.1248753511  5.97343765678  7.86103739951  
78.8617142857  58.0074285714  78.3440657036  56.9203077214  6.68157102386  8.56449559614  
78.9376470588  56.7341176471  78.1082386975  56.7108933821  7.45580194875  7.31868443564  
78.4194285714  56.0891428571  77.8674565504  56.4966918381  7.35200883835  5.58165637036  
77.645  56.775  77.6217803473  56.2777639546  5.99915619067  7.28847549217  
79.445  55.635  77.3712724148  56.0541719395  6.82846066109  6.53116184151  
79.9772972973  56.4654054054  77.1159963052  55.8259793265  7.07208469156  6.0123668023  
78.6248648649  55.5264864865  76.8560167806  55.5932509561  5.99823830967  7.1869582395  
76.8394594595  55.7794594595  76.5913997962  55.356052958  6.11023153715  6.65135383331  
79.295  56.13  76.3222124838  55.1144527316  7.58654565662  7.42522053545  
77.8177142857  55.9605714286  76.0485231344  54.8685189275  6.70320481378  7.50627088044  
77.7611428571  56.0531428571  75.7704011816  54.6183214275  6.26826737119  7.56527396215  
77.62  55.58  75.4879171831  54.3639313249  5.62841007746  6.53201347212  
76.2264864865  54.8113513514  75.2011428034  54.1054209045  6.20721298657  6.52372392499  
75.9540540541  52.5832432432  74.9101507955  53.8428636216  6.48241007044  6.62013556408  
75.5745945946  53.4345945946  74.6150149823  53.5763340818  6.55969618388  6.53401519476  
76.53  54.475  74.315810238  53.3059080191  7.07469433969  6.42086248101  
76.1102857143  52.8285714286  74.012612469  53.0316622747  6.74225629284  7.56924798788  
73.5217647059  53.8223529412  73.7054985947  52.7536747754  7.91202118543  7.7772227989  
71.695  52.235  73.3945465282  52.472024511  7.69586090051  9.10522240256  
72.18  51.0  73.079835156  52.1867915121  6.71237662829  7.69515431944  
73.7908571429  51.5428571429  72.7614443186  51.8980568274  6.44999994305  7.20247916501  
72.6028571429  51.404  72.4394547898  51.6059025006  6.2413609191  7.61025743886  
72.1811428571  50.8485714286  72.1139482564  51.3104115469  7.55658115115  7.66344388933  
72.8548571429  50.396  71.7850072974  51.01166793  7.28378919105  7.72674878957  
70.7632432432  49.172972973  71.4527153632  50.7097565374  8.50271500489  8.06087409413  
69.8145945946  48.1367567568  71.1171567543  50.4047631571  8.18023808369  8.30684187365  
70.51  47.005  70.7784165998  50.0967744524  7.87292194804  8.74932425962  
69.5956756757  47.5967567568  70.4365808361  49.7858779382  8.14943425015  8.01268792976  
69.3037837838  47.6064864865  70.0917361849  49.4721619553  8.23805649848  6.59729847094  
69.71  48.97  69.7439701312  49.1557156458  6.78218991182  6.58807255576  
68.9154285714  47.012  69.3933709011  48.8366289277  7.0877005511  7.33100531013  
68.475  46.58  69.0400274395  48.514992469  7.93976542475  6.85629637632  
67.45  46.115  68.6840293876  48.1908976625  8.00948812347  7.03298478599  
67.1205714286  45.9114285714  68.32546706  47.8644365994  8.4575126174  8.60215691984  
68.8948571429  46.4257142857  67.9644314217  47.5357020432  8.34209475969  8.70342536368  
67.7372972973  46.8767567568  67.6010140652  47.2047874036  9.68069481777  8.606918039  
67.064  47.2177142857  67.2353071875  46.8717867095  10.4508829976  9.38255618101  
67.6505882353  43.7052941176  66.8674035661  46.5367945828  8.98377915408  8.95738579093  
65.9994285714  42.7537142857  66.497396536  46.1999062112  10.467431379  9.29223918446  
63.48  41.225  66.1253799657  45.8612173212  9.03859502356  9.87409109741  
64.4514285714  42.3628571429  65.7514482335  45.5208241508  10.7626988498  8.71842468452  
66.1177142857  42.368  65.3756962038  45.1788234224  9.42498414874  8.66409497376  
64.5748571429  42.2188571429  64.9982192026  44.8353123153  9.54610986481  7.25100181115  
61.76  42.6636363636  64.6191129934  44.4903884377  8.55534282826  7.43269836322  
63.7018181818  42.1236363636  64.2384737533  44.1441497993  9.3944217667  8.17571044756  
64.4370588235  41.1164705882  63.8563980481  43.7966947836  10.1735159431  9.77775803797  
61.12  40.22  63.4729828082  43.4481221196  8.52761396875  8.61203808631  
62.385  39.595  63.0883253036  43.0985308537  8.99007647353  8.12748884958  
61.88  41.075  62.7025231197  42.7480203221  10.051746117  7.88793223855  
61.84  40.165  62.3156741322  42.3966901219  10.2955621508  7.80924292105  
60.8  39.9817142857  61.9278764824  42.0446400832  9.54887457841  8.52414570021  
60.3525714286  39.3182857143  61.539228552  41.6919702407  7.49820105772  7.38406836592  
59.05  39.33  61.1498289389  41.3387808052  9.46647241585  7.89525807051  
58.9382857143  39.2  60.7597764314  40.985172135  10.4555006673  7.4792421312  
58.856  39.5342857143  60.3691699833  40.6312447078  11.0778097887  8.40077489137  
60.17  39.36  59.9781086893  40.2770990917  11.5053422374  8.99357548476  
59.8513513514  39.9151351351  59.5866917592  39.9228359167  10.5945029505  8.73930964607  
58.3777142857  39.4982857143  59.1950184931  39.5685558464  9.77700833171  8.6426720358  
59.0052941176  38.1358823529  58.8031882562  39.2143595491  10.8627721614  8.8328874493  
58.4282352941  37.22  58.4113004535  38.8603476694  10.7271783666  8.51747684263  
56.02  36.15  58.0194545045  38.5066207992  9.02151871915  7.59728240886  
55.06  34.595  57.6277498182  38.1532794499  9.31081092064  6.37630574863  
57.3594285714  35.9497142857  57.2362857677  37.8004240229  10.7811926038  7.78394152295  
62.024  39.5445714286  56.8451616651  37.4481547818  8.83523698445  9.26480540012  
59.095  38.52  56.4544767363  37.0965718235  10.6254635193  9.35952990272  
58.3057142857  37.3125714286  56.0643300956  36.7457750499  11.7634917765  9.92426991712  
56.7371428571  36.0577142857  55.6748207208  36.3958641396  13.0815928631  10.4604045499  
55.4514285714  36.0731428571  55.2860474283  36.0469385195  15.0438021681  11.39355401  
56.12  36.3252941176  54.8981088474  35.6990973363  11.7721036153  10.8201416853  
53.3035294118  34.9223529412  54.5111033958  35.3524394289  10.4881641646  7.11948406046  
51.7948571429  33.7691428571  54.1251292544  35.0070632996  9.44628766733  8.0129015153  
54.7725714286  35.5485714286  53.7402843426  34.6630670868  12.7823083859  10.7568484877  
54.8917647059  33.5935294118  53.3566662933  34.3205485367  10.1133611305  9.3813691721  
52.088  34.6742857143  52.9743724279  33.9796049754  10.3157612558  8.61791565311  
50.4937142857  33.2085714286  52.5934997322  33.6403332819  10.1981754911  7.71916988241  
48.755  32.05  52.2141448313  33.3028298598  11.563540764  9.051215388  
49.8686486486  32.54  51.8364039652  32.9671906104  12.8224216969  10.3109545525  
53.57  33.905  51.4603729646  32.6335109052  11.5533501635  10.7593714965  
50.93  33.655  51.0861472261  32.301885559  11.4226748181  10.024384021  
50.01  32.11  50.7138216887  31.9724088027  10.4892754755  7.79218197939  
48.2437837838  30.56  50.343490809  31.6451742568  10.7344827923  7.93634676662  
48.6  30.315  49.9752485379  31.3202749048  9.99158646062  7.32223155875  
51.1  32.825  49.609188296  30.9978030664  10.8699218028  9.52218856146  
50.0668571429  33.2291428571  49.2454029508  30.6778503718  9.16815225859  9.70317455311  
48.08  31.95  48.8839847924  30.360507735  11.9109445469  10.3678204074  
48.92  32.7888235294  48.5250255104  30.0458653287  12.2629456206  11.0428301905  
48.0868571429  29.5982857143  48.1686161706  29.7340125582  12.6615701512  10.281941308  
45.645  27.7  47.8148471919  29.4250380362  10.4121023333  9.96648383333  
47.3874285714  29.9428571429  47.4638083233  29.1190295575  10.0493139333  8.71470762445  
49.4441176471  32.4182352941  47.1155886214  28.816074074  11.5516688679  7.88112767035  
51.065  32.405  46.7702764273  28.5162576702  11.7266139614  9.52691319368  
48.69  31.24  46.4279593447  28.2196655388  11.6094659653  8.75867569899  
46.0297142857  30.848  46.0887242173  27.926381956  11.5622660868  11.0222167332  
45.8335294118  27.3729411765  45.7526571072  27.636490258  12.7026756983  9.43640495148  
44.6  28.5588235294  45.4198432724  27.3500728173  9.03170884749  9.17301790249  
45.1135294118  28.6382352941  45.0903671458  27.0672110192  10.1309342471  10.2270418558  
45.3714285714  27.0525714286  44.7643123136  26.7879852384  14.0825008215  13.2862068849  
43.9828571429  28.1171428571  44.441761494  26.5124748168  14.4974032298  13.0272743715  
43.0064705882  26.4094117647  44.122796516  26.2407580403  13.9825384555  13.6263924148  
38.9882352941  24.0535294118  43.8074982992  25.972912117  11.7777258542  12.0378654748  
39.0147058824  23.1588235294  43.4959468329  25.709013155  10.8955320674  9.85269857471  
40.1052941176  24.7841176471  43.1882211558  25.4491361409  12.2362223206  11.1255665071  
40.4805714286  24.1571428571  42.8843993361  25.1933549186  11.1045992898  10.013408317  
39.128  24.2548571429  42.5845584514  24.941742168  10.5035778394  8.90720586987  
40.4758823529  24.26  42.2887745697  24.6943693846  10.9197218015  8.511769015  
40.0788235294  25.1547058824  41.9971227296  24.4513068591  12.1254665804  10.8849440635  
39.9094117647  24.1488235294  41.7096769212  24.2126236576  12.3683278962  11.9912980126  
41.3970588235  24.9535294118  41.4265100681  23.9783876015  10.8869831962  9.9573120878  
43.7423529412  25.5782352941  41.1476940077  23.7486652489  9.67746170501  8.22256918151  
39.83  22.8782352941  40.8732994742  23.5235218751  10.8860615143  8.22094651434  
38.9405882353  25.2023529412  40.6033960797  23.3030214544  11.0942438549  11.5094117647  
38.1464705882  23.5188235294  40.3380522971  23.0872266417  9.74742526557  9.41529911577  
37.9347058824  24.3605882353  40.0773354426  22.8761987549  11.0804314089  10.1771132915  
39.7611764706  22.0894117647  39.8213116584  22.6699977574  11.9220990465  11.4896794972  
37.3576470588  23.4764705882  39.5700458962  22.4686822409  13.253303042  13.6653554833  
39.5123529412  22.3329411765  39.3236019007  22.2723094091  12.3673545744  13.1269779528  
37.58  22.55  39.0820421932  22.0809350612  12.2985623263  11.4819062262  
37.5164705882  20.6811764706  38.8454280559  21.8946135759  13.1991091238  12.2751992352  
35.0017647059  20.4747058824  38.6138195164  21.7133978963  14.2052304929  11.9209576291  
32.6194117647  18.5794117647  38.3872753324  21.5373395146  11.9582867997  11.5027142427  
33.7382857143  19.7085714286  38.1658529769  21.3664884577  9.67474635643  9.33847131658  
38.3565714286  22.64  37.9496086233  21.2008932727  13.7143174285  9.5405336778  
39.3697142857  22.028  37.7385971315  21.0406010133  11.8307245245  11.6696335602  
37.1685714286  22.6914285714  37.5328720339  20.8856572264  12.1655478751  11.4500837534  
37.3775  26.5325  37.3324855216  20.7361059392  16.1221724265  14.9190949374  
24.6040730424  0.0159279422991  29.7858418325  58.5762777137  
21.0174720639  0.0168569187554  29.5481852718  39.8633765717  
